0 493565212226739911095804680170261546612496387401765466394629186579581395966 653430189953000918882425061642659757747823678014053132375618509902977846730 0
0 16817589295829344391088274177910621225372271204861135061348102637289499873355 1
0 17167485601461326741484191840199942309211767097869632525343795915759480519164 12939492736877879434737226267119730173539839009341437889827746311208271315039 0
0 12909957547665045880039804555336118058178262712252640652918996117213372692882 13337836501195701909516976327210424326988011454292988206537318711955608404591 0
0 8984528932144609669495508827484021592022022796829335588147117551610497618647 0
0 21417090745299422975886715004215260096948540297325100799681135194168619687790 5405842005443173262567940556686963496515276776027720829129870011222919540224 0
0 9194592628565416398370683877564194565907586856883317670837686610707720679610 20962354706564352956957325415817569740693997845900184028215287286703592217696 1
0 11032952187469653840184725583196036292273601278944502834860086270199203222886 0
2
2
0
1
2
0 8340018400715077266722439278649293519510137465828954814088649698613381245752 1
0 4113522966444268714354691687922882563741215028559701329279999591150727987593 0


